80000
4
25
9695 7960 880 240 415
8635 8860 2425 420 385
6140 3990 4900 115 470
9430 4070 4675 415 270
6310 6000 4150 435 490
8600 4835 1305 400 250
9360 9415 2200 305 405
7080 9530 3940 360 320
8715 6530 7810 130 415
8700 5445 4810 375 375
7490 1305 1375 325 385
5490 5480 6630 300 385
5450 3825 2130 110 400
9585 1225 3370 475 295
5550 3515 6190 115 335
9875 9085 550 350 350
9925 9675 1490 330 400
6780 5835 5685 310 240
9970 7305 5185 490 385
5205 1675 5970 485 410
5095 4345 2670 335 255
6895 2790 7890 115 340
5975 7920 6490 325 320
7940 6220 7285 435 290
7590 9720 7650 65 295